0.000305925481270286,48.6390582802123
0.000151165911311812,30.3487418039254
2.37108843739176e-05,13.9665613913017
0.00086174552269247,98.751722763248
0.000672554814793447,75.0864060798714
0.0010998866862113,123.942532501076
0.00136860987270593,147.590634342096
0.00156750511365811,175.204848387862
0.00148843928957398,158.282572587588
0.00176214071818581,194.521070865465
0.00191794646503829,210.494984097338
0.00207368179409451,225.752760313405
0.00224239477330701,242.069272847524
0.00242477051527823,264.538220946405
0.00261944328686847,282.849150454641
0.00277533501302929,298.440313580144
0.00293115624641072,313.316074383339
0.00308709643908744,328.897641682133
0.00328184368439244,346.77806686534
0.00351523551522326,365.567486011869
0.00371000945123079,383.01052442132
0.00390488440689007,400.920012943876
0.00413814567098725,417.623666599148
0.00437133464419248,433.373514627074
0.00464349115753571,451.995210397656
0.00491535756170913,467.888453318725
0.00518732918381004,484.009376059035
0.00553645844086237,499.823331776991
0.00596298562021924,516.519412040657
0.00650533548421373,532.054299272883
0.00724104159398653,547.102849555544
0.00809276225070876,558.401510091922
0.00894475261346783,566.341869712828
0.00979717689636539,572.151345521282
0.0106501130868375,576.412218678091
0.0115037349768914,580.409310415641
0.0123579126934954,583.183408183385
0.013212837832504,586.144223690406
0.0140684414084564,588.780210289958
0.0149246106265164,590.262400128395
0.0157815550346405,592.124324270362
0.016639188079052,593.72779940486
0.0174975015451992,595.009807425734
0.0183565658890872,596.480073123655
0.0192163380299875,597.820313490324
0.0200767309441163,598.395783742335
0.0209378589436002,599.033311393637
0.0217997489857065,599.922937616465
0.0226623139591606,600.430558119161
0.0235255894999793,600.81030949131
0.0243895937707503,601.188993139467
0.0252542921720682,601.313865460297
0.0261197645300701,601.753764439742
0.0269858881133149,601.624776006966
0.0278527780749347,601.747683263603
0.0287203909544,601.806981883611
0.0291939702976847,602.0336593485
